start=1209.417000
volume=80.000000
