start=1342.805000
volume=96.000000
sub-visibility=no
