start=899.940000
speed=1.048800
