start=1264.930000
speed=1.048800
volume=130.000000
contrast=1
