start=2558.154000
volume=122.000000
