start=1282.364000
volume=130.000000
