start=1466.674000
volume=130.000000
fullscreen=yes
