start=1264.596000
volume=108.000000
