start=1271.645000
volume=130.000000
