start=557.316667
volume=115.000000
contrast=-1
