start=1285.826000
volume=130.000000
