start=270.729000
volume=118.000000
fullscreen=yes
contrast=1
sub-visibility=no
ab-loop-a=414.080000
