start=1276.630000
volume=88.000000
fullscreen=yes
contrast=-1
sub-visibility=no
ab-loop-a=723.495000
