start=24.750000
volume=86.000000
