start=1279.800000
sub-delay=0.100000
