start=1274.127000
volume=108.000000
sub-delay=0.100000
