start=1252.483000
volume=130.000000
