start=937.723000
volume=86.000000
fullscreen=yes
