start=779.575000
volume=130.000000
