start=1480.614000
volume=130.000000
sub-visibility=no
