start=1478.602000
volume=115.000000
deinterlace=yes
