start=1272.771000
volume=130.000000
