start=1556.263000
volume=120.000000
gamma=-1
sub-visibility=no
