start=1279.466000
volume=130.000000
gamma=-1
