start=1276.087000
volume=92.000000
gamma=-1
sub-pos=99
