start=1278.402000
volume=130.000000
