start=1556.221000
volume=117.000000
sub-visibility=no
