start=3066.880000
volume=130.000000
fullscreen=yes
