start=1267.579000
volume=114.000000
fullscreen=yes
