start=1256.860000
osd-level=3
volume=134.000000
gamma=2
brightness=1
sub-visibility=no
ab-loop-a=276.214000
