start=1461.210000
volume=98.000000
saturation=4
