start=1238.492000
volume=72.000000
