start=1893.975000
volume=130.000000
aid=1
sid=no
sub-pos=103
