start=1272.187000
volume=130.000000
