start=1265.537000
volume=130.000000
fullscreen=yes
video-aspect-override=1.777778
