start=1266.265000
volume=106.000000
