start=1327.748000
volume=80.000000
sub-visibility=no
video-aspect-override=1.777778
