start=1365.680000
volume=112.000000
