start=1287.431000
volume=76.000000
contrast=-1
sub-visibility=no
ab-loop-a=723.495000
