start=559.851000
volume=130.000000
