start=1270.978000
volume=130.000000
