start=1247.684000
volume=114.000000
gamma=2
brightness=1
sub-visibility=no
ab-loop-a=276.214000
