start=1270.584000
volume=110.000000
sub-visibility=no
ab-loop-a=723.495000
