start=24.150000
volume=130.000000
