start=1229.186000
volume=120.000000
