start=301.931000
volume=96.000000
fullscreen=yes
sub-delay=-0.000000
sub-visibility=no
