start=3103.449000
gamma=-9
brightness=4
saturation=40
sub-delay=-0.100000
