start=1393.434000
volume=130.000000
