start=1292.791000
volume=130.000000
gamma=3
brightness=-1
contrast=-1
sub-pos=99
