start=1284.074000
volume=130.000000
