start=1273.147000
volume=116.000000
