start=984.483000
volume=116.000000
