start=1264.601000
volume=102.000000
sub-visibility=no
