start=1399.189000
volume=130.000000
