start=310.935000
volume=130.000000
