start=1270.791000
volume=98.000000
gamma=2
brightness=1
saturation=1
sub-visibility=no
