start=1362.319000
volume=88.000000
sub-delay=0.100000
