start=1305.017000
volume=130.000000
fullscreen=yes
