start=481.949000
volume=116.000000
saturation=6
sub-visibility=no
