start=1409.480000
volume=112.000000
