start=1282.197000
volume=130.000000
sub-delay=0.100000
