start=1279.966000
volume=90.000000
gamma=-1
