start=314.418000
volume=86.000000
deinterlace=yes
sid=1
sub-delay=-0.100000
sub-pos=106
sub-visibility=no
ab-loop-a=415.457000
