start=1403.824000
volume=130.000000
