start=1460.334000
volume=115.000000
deinterlace=yes
