start=19.199141
volume=130.000000
