start=288.663000
volume=86.000000
