start=69.444000
volume=78.000000
sub-delay=-0.100000
