start=1340.798000
volume=96.000000
fullscreen=yes
