start=1269.852000
speed=1.000000
volume=130.000000
fullscreen=yes
