start=1281.280000
volume=130.000000
