start=1266.390000
volume=116.000000
