start=1238.425000
volume=126.000000
sub-delay=0.000000
sub-visibility=no
