start=1282.948000
volume=174.000000
