start=1285.409000
volume=120.000000
