start=172.110000
volume=130.000000
