start=96.159000
volume=78.000000
