start=1272.419000
volume=130.000000
