start=1283.718000
volume=110.000000
contrast=-1
sub-visibility=no
ab-loop-a=723.495000
