start=1292.813000
volume=114.000000
