start=956.871000
sub-delay=0.100000
ab-loop-a=745.495000
ab-loop-b=745.495000
