start=1275.899000
volume=130.000000
