start=1639.388000
volume=104.000000
fullscreen=yes
contrast=15
saturation=-1
aid=1
sid=1
sub-delay=0.051000
