start=1281.613000
speed=1.000000
volume=130.000000
fullscreen=yes
