start=1275.190000
volume=130.000000
