start=842.091000
volume=106.000000
