start=1517.933000
volume=94.000000
sid=no
sub-pos=111
sub-visibility=no
ab-loop-a=415.457000
