start=187.421000
volume=130.000000
sub-visibility=no
