start=1228.107000
volume=110.000000
fullscreen=yes
