start=1405.654000
volume=72.000000
