start=1271.792000
volume=110.000000
sub-visibility=no
ab-loop-a=723.495000
