start=1391.432000
volume=90.000000
fullscreen=yes
