start=1245.202000
volume=82.000000
sub-visibility=no
