start=1284.012000
volume=90.000000
gamma=-1
sub-pos=99
