start=1268.079000
volume=114.000000
fullscreen=yes
