start=1296.401000
video-aspect-override=1.777778
