start=1357.439000
volume=80.000000
