start=1169.773000
volume=132.000000
gamma=-1
