start=1261.969000
volume=130.000000
sub-pos=99
