start=1366.871000
volume=120.000000
fullscreen=yes
