start=3112.575000
volume=56.000000
gamma=-9
brightness=4
saturation=40
sub-delay=-0.100000
sub-visibility=no
