start=1318.526000
volume=130.000000
