start=1273.335000
volume=116.000000
sub-visibility=no
