volume=130.000000
aid=1
sid=no
sub-ass-override=force
ab-loop-a=0.100000
