start=1273.939000
volume=86.000000
gamma=3
brightness=-1
contrast=-1
sub-pos=99
