start=1290.409000
volume=130.000000
