start=1325.115000
volume=68.000000
