start=1246.245000
volume=84.000000
