start=393.560000
volume=86.000000
gamma=3
brightness=-1
contrast=-1
vid=1
sid=no
sub-pos=99
