start=1420.628000
volume=105.000000
fullscreen=yes
sid=1
