start=1266.036000
volume=96.000000
gamma=2
brightness=1
sub-visibility=no
ab-loop-a=276.214000
