start=1325.454000
volume=90.000000
