start=2285.940000
volume=110.000000
deinterlace=yes
sub-pos=101
sub-visibility=no
