start=1263.887000
volume=106.000000
