start=1782.656000
volume=130.000000
contrast=1
aid=1
sid=no
sub-pos=103
