start=1319.657000
volume=90.000000
