start=1276.734000
volume=116.000000
panscan=0.100000
