start=1467.633000
volume=115.000000
deinterlace=yes
