start=240.303000
volume=84.000000
