start=1216.929000
volume=72.000000
