start=1373.022000
volume=112.000000
