start=1271.895000
volume=130.000000
