start=1296.967000
volume=120.000000
