start=1361.694000
volume=86.000000
sub-pos=103
sub-visibility=no
