start=0.813000
video-aspect-override=1.777778
