start=1287.082000
volume=96.000000
gamma=27
saturation=50
sub-visibility=no
