start=1282.656000
volume=130.000000
