start=1488.028000
volume=120.000000
gamma=-1
sub-visibility=no
