start=1469.697500
volume=115.000000
deinterlace=yes
