start=2971.800000
volume=130.000000
fullscreen=yes
video-aspect-override=1.777778
