start=1278.736000
volume=130.000000
sub-pos=99
