start=1279.885000
video-aspect-override=1.777778
