start=261.297158
volume=60.000000
sub-pos=99
