start=1274.153000
volume=130.000000
