start=1508.006000
volume=130.000000
sub-visibility=no
