start=1286.952000
volume=88.000000
gamma=3
brightness=-1
contrast=-1
vid=1
sid=no
sub-pos=99
