start=1285.701000
volume=86.000000
fullscreen=yes
gamma=3
brightness=-1
contrast=-1
sub-pos=99
