start=1270.394000
volume=120.000000
