start=1533.699000
volume=84.000000
