start=1638.554000
volume=98.000000
