start=1277.631000
volume=132.000000
gamma=-1
