start=1644.268000
volume=98.000000
