start=1573.269349
volume=120.000000
audio-delay=0.200000
sub-visibility=no
