start=1262.034000
volume=132.000000
