start=1237.282000
volume=96.000000
sub-visibility=no
