start=1359.026000
volume=118.000000
sub-visibility=no
