start=1472.304000
volume=115.000000
