start=494.724000
volume=132.000000
