start=1370.244000
volume=72.000000
