start=1273.272000
speed=1.000000
volume=130.000000
