start=1127.877000
volume=92.000000
ab-loop-a=745.495000
ab-loop-b=745.495000
