start=1254.691000
volume=114.000000
gamma=-1
