start=111.903458
volume=80.000000
