start=731.194000
audio-delay=-0.000000
