start=1523.939000
volume=106.000000
sid=no
sub-delay=-0.000000
ab-loop-a=1137.261000
