start=1311.232000
volume=80.000000
video-aspect-override=1.777778
