start=872.246000
volume=128.000000
sub-delay=-0.100000
