start=1347.596000
volume=78.000000
sub-delay=-0.100000
