start=1267.599000
volume=130.000000
