start=1295.440000
volume=144.000000
gamma=-1
