start=1325.663000
volume=88.000000
