start=1477.017000
volume=115.000000
fullscreen=yes
