start=1386.510000
volume=72.000000
