start=1396.353000
volume=105.000000
fullscreen=yes
sid=1
