start=1643.725000
volume=104.000000
contrast=15
saturation=-1
aid=1
sid=1
