start=1259.821000
volume=130.000000
sub-pos=99
