start=1263.867000
volume=130.000000
