start=1316.549000
volume=88.000000
saturation=6
sub-visibility=no
