start=1280.320000
volume=130.000000
sub-delay=0.100000
