start=1216.424000
volume=98.000000
sub-delay=0.100000
