start=136.336000
volume=111.000000
fullscreen=yes
saturation=6
sub-visibility=no
