start=1442.441000
volume=130.000000
sub-visibility=no
