start=229.875000
volume=94.000000
