start=1508.132000
audio-delay=0.200000
sub-visibility=no
