start=1466.465000
volume=120.000000
audio-delay=0.200000
sub-visibility=no
