start=741.491000
volume=84.000000
contrast=-5
sub-visibility=no
