start=1501.875000
volume=86.000000
