start=1258.132000
volume=120.000000
