start=1397.160000
volume=122.000000
sub-delay=-0.100000
