start=1449.114000
volume=122.000000
vid=1
sid=1
sub-visibility=no
