start=1244.264000
volume=106.000000
gamma=2
brightness=1
saturation=1
sub-visibility=no
