start=1234.838000
volume=130.000000
fullscreen=yes
sub-delay=0.100000
