start=2167.045000
volume=130.000000
