start=1261.658000
volume=70.000000
