start=1267.581000
volume=130.000000
