start=1291.039000
volume=116.000000
