start=1288.078000
volume=124.000000
