start=1549.840000
volume=117.000000
sub-visibility=no
