start=1268.934000
volume=174.000000
