start=1273.772000
volume=120.000000
