start=1480.416500
volume=115.000000
deinterlace=yes
