start=1297.171000
volume=130.000000
