start=1267.808000
speed=1.048800
volume=120.000000
contrast=1
sub-delay=-0.100000
