start=1287.682000
volume=114.000000
gamma=2
brightness=1
saturation=1
sub-visibility=no
