start=166.480000
volume=110.000000
contrast=-1
sub-visibility=no
ab-loop-a=723.495000
