start=1241.511000
volume=114.000000
