start=1260.697000
volume=118.000000
gamma=2
brightness=1
sub-visibility=no
ab-loop-a=276.214000
