start=1413.287000
volume=112.000000
