start=0.000000
volume=124.000000
fullscreen=yes
ab-loop-a=735.360000
