start=59.616667
volume=94.000000
