start=44.336000
volume=130.000000
fullscreen=yes
