start=1303.307000
volume=94.000000
sub-visibility=no
