start=1293.396000
volume=114.000000
gamma=-1
sub-pos=99
