start=59.625000
volume=60.000000
