start=1416.206000
volume=105.000000
fullscreen=yes
sid=1
