start=1277.109000
volume=130.000000
sub-pos=99
