start=19.811000
volume=120.000000
gamma=-1
sub-visibility=no
