start=654.570000
volume=134.000000
saturation=-6
vid=1
sid=no
