start=1306.977000
volume=80.000000
video-aspect-override=1.777778
