start=370.182000
volume=130.000000
