start=1128.690000
volume=80.000000
