start=1280.154000
volume=116.000000
panscan=0.100000
