start=125.767000
volume=130.000000
