start=1854.811000
volume=114.000000
sub-visibility=no
