start=1238.237000
volume=130.000000
