start=1270.644000
volume=120.000000
