start=1265.911000
volume=90.000000
gamma=-1
sub-pos=99
