start=1250.854000
volume=90.000000
fullscreen=yes
gamma=-1
