start=1508.799000
volume=118.000000
