start=28.361667
volume=130.000000
