start=1275.399000
volume=120.000000
fullscreen=yes
