start=1632.756000
volume=128.000000
aid=1
sid=1
sub-delay=-0.000000
