start=1430.012000
volume=130.000000
fullscreen=yes
sid=1
