start=1289.684000
volume=130.000000
sid=no
sub-pos=99
