start=1293.273000
volume=130.000000
video-aspect-override=1.777778
