start=1662.202000
volume=130.000000
aid=1
sid=1
