start=1279.111000
volume=144.000000
