start=1607.856000
volume=98.000000
