start=1410.326000
volume=116.000000
fullscreen=yes
