start=383.805000
volume=90.000000
