start=33.325000
volume=120.000000
fullscreen=yes
sid=1
