start=751.105000
volume=132.000000
fullscreen=yes
gamma=2
brightness=1
sub-visibility=no
ab-loop-a=276.214000
