start=1367.616000
volume=116.000000
fullscreen=yes
