start=2626.085000
volume=130.000000
fullscreen=yes
