start=418.423000
volume=74.000000
