start=1474.682000
volume=98.000000
saturation=4
