start=1373.122000
volume=55.000000
fullscreen=yes
