start=183.325000
volume=130.000000
