start=1292.416000
volume=130.000000
fullscreen=yes
