start=1350.954000
volume=108.000000
