start=96.868000
volume=130.000000
