start=1284.116000
volume=130.000000
