start=1468.217000
volume=120.000000
sub-visibility=no
