start=590.569000
volume=130.000000
sub-pos=99
