start=1277.380000
volume=130.000000
fullscreen=yes
sub-pos=99
