start=1410.242000
volume=130.000000
