start=1536.785000
volume=130.000000
contrast=1
sub-visibility=no
ab-loop-a=414.080000
