start=211.774000
volume=130.000000
sub-delay=-0.100000
ab-loop-a=141.788000
