start=1256.985000
volume=130.000000
