start=1281.155000
volume=130.000000
