start=86.320000
volume=110.000000
