start=1280.696000
volume=108.000000
vid=1
sid=no
