start=1379.420000
volume=72.000000
fullscreen=yes
