start=346.618000
video-aspect-override=1.777778
