start=1275.672000
video-aspect-override=1.777778
