start=1684.016000
volume=130.000000
fullscreen=yes
aid=1
sid=1
