start=1281.238000
volume=130.000000
