start=1748.038000
volume=94.000000
fullscreen=no
