start=1287.140000
volume=110.000000
gamma=2
brightness=1
saturation=1
sub-delay=0.000000
sub-visibility=no
