start=3570.400000
volume=80.000000
fullscreen=yes
