start=1534.486000
volume=130.000000
fullscreen=yes
