start=1263.283000
volume=120.000000
gamma=2
brightness=1
sub-visibility=no
