start=0.000000
volume=110.000000
sub-visibility=no
ab-loop-a=723.495000
