start=1332.414000
volume=80.000000
