start=1266.432000
volume=148.000000
gamma=3
brightness=-1
contrast=-1
sub-pos=99
