start=1233.857000
volume=130.000000
