start=1261.306000
volume=96.000000
sub-visibility=no
