start=1594.092000
volume=130.000000
