start=1635.884000
volume=130.000000
