start=2845.940000
volume=130.000000
contrast=-3
deinterlace=yes
sub-pos=101
sub-visibility=no
