start=1292.082000
volume=120.000000
