start=1287.453000
speed=1.048800
volume=154.000000
contrast=1
