start=1264.659000
volume=130.000000
sub-visibility=no
