start=139.097000
volume=72.000000
