start=1435.960000
volume=112.000000
