start=1593.759000
volume=114.000000
sid=no
