start=1338.546000
volume=72.000000
fullscreen=yes
