start=662.912000
volume=98.000000
audio-delay=0.200000
sid=no
sub-pos=102
sub-visibility=no
