start=1281.530000
volume=130.000000
sub-pos=99
