start=1284.533000
volume=106.000000
