start=1660.659000
volume=130.000000
aid=1
sid=1
