start=1274.815000
volume=132.000000
