start=1264.096000
volume=130.000000
