start=1318.776000
volume=114.000000
fullscreen=yes
