start=2648.780000
volume=120.000000
deinterlace=yes
sub-pos=101
sub-visibility=no
