start=1363.028000
volume=72.000000
fullscreen=yes
