start=1275.587000
volume=90.000000
gamma=-1
sub-pos=99
