start=1269.393000
volume=130.000000
