start=1212.461000
volume=94.000000
sub-visibility=no
