start=1274.546000
volume=112.000000
