start=1275.506000
volume=112.000000
