start=232.649000
volume=84.000000
aid=1
sid=2
