start=1570.944000
volume=108.000000
aid=1
sid=1
sub-delay=-0.000000
