start=1275.149000
volume=108.000000
