start=1543.000000
volume=117.000000
sub-visibility=no
