start=1239.238000
volume=116.000000
