start=138.174430
volume=130.000000
