start=1240.160000
volume=90.000000
