start=1082.461000
volume=90.000000
