start=1233.545000
volume=92.000000
gamma=-1
sub-pos=99
