start=1256.088000
volume=130.000000
