start=1342.049000
volume=130.000000
