start=1261.656000
volume=132.000000
