start=1224.288000
volume=80.000000
