start=1560.642000
volume=118.000000
