start=1286.139000
volume=130.000000
