start=1278.840000
volume=130.000000
