start=1463.587000
volume=130.000000
contrast=1
sub-visibility=no
ab-loop-a=414.080000
