start=488.571000
volume=86.000000
sid=no
