start=26.067000
volume=118.000000
