start=1264.012000
volume=118.000000
