start=1414.038000
volume=105.000000
fullscreen=yes
sid=1
