start=1399.127000
volume=130.000000
