start=1260.739000
volume=90.000000
gamma=-1
sub-pos=99
