start=1247.559000
volume=90.000000
gamma=-1
