start=1238.946000
volume=120.000000
