start=1242.658000
speed=1.048800
volume=120.000000
contrast=1
sub-delay=-0.000000
