start=1709.207000
volume=120.000000
aid=1
sid=1
sub-delay=-0.000000
