start=1274.732000
volume=130.000000
