start=440.565000
volume=84.000000
