start=248.121000
volume=116.000000
