start=1262.428000
volume=120.000000
