start=1269.518000
speed=1.048800
volume=132.000000
contrast=1
