start=888.513000
volume=78.000000
