start=1547.379000
sid=no
sub-pos=111
sub-visibility=no
ab-loop-a=415.457000
