start=452.702000
volume=122.000000
sub-visibility=no
