start=108.166667
volume=80.000000
