start=1287.265000
volume=130.000000
sub-delay=-0.000000
sub-visibility=no
ab-loop-a=276.214000
