start=1260.926000
speed=1.000000
volume=130.000000
