start=476.309000
volume=130.000000
