start=1270.936000
volume=130.000000
