start=1287.953000
volume=134.000000
fullscreen=yes
saturation=-6
vid=1
sid=no
