start=2090.520000
fullscreen=yes
sub-visibility=no
ab-loop-a=2065.920000
ab-loop-b=2098.080000
