start=1779.690000
volume=130.000000
fullscreen=no
contrast=1
aid=1
sid=no
sub-pos=103
