start=1271.541000
volume=112.000000
