start=1290.519000
volume=130.000000
