start=1276.046000
volume=130.000000
