start=1274.440000
volume=120.000000
