start=119.661000
speed=1.000000
volume=130.000000
