start=1290.310000
volume=120.000000
gamma=-1
