start=1699.781000
volume=130.000000
saturation=1
deinterlace=yes
panscan=0.100000
sid=no
