start=1630.170000
volume=98.000000
