start=176.968000
volume=120.000000
