start=63.141000
volume=106.000000
