start=1270.310000
volume=130.000000
