start=1235.046000
volume=126.000000
gamma=2
brightness=1
saturation=1
sub-visibility=no
