start=1289.663000
speed=1.000000
volume=130.000000
fullscreen=yes
