start=1278.991000
volume=74.000000
fullscreen=yes
sub-visibility=no
video-aspect-override=1.777778
