start=1921.628000
volume=95.000000
sub-visibility=no
