start=1467.841000
volume=86.000000
