start=1276.173000
volume=130.000000
video-aspect-override=1.777778
