start=1275.983000
volume=116.000000
