start=1282.636000
volume=92.000000
gamma=-1
sub-pos=99
