start=738.785000
volume=116.000000
fullscreen=yes
