start=1276.200000
volume=112.000000
