start=44.440000
volume=122.000000
sub-delay=-0.100000
