start=1286.034000
volume=130.000000
