start=1297.087000
volume=130.000000
