start=1516.260000
volume=115.000000
deinterlace=yes
