start=1291.478000
volume=130.000000
sid=no
sub-pos=99
