start=2950.600000
volume=130.000000
fullscreen=yes
