start=1674.965000
volume=106.000000
contrast=15
aid=1
sid=1
