start=1476.433000
volume=130.000000
fullscreen=yes
