start=1871.560000
volume=110.000000
ab-loop-a=735.360000
