start=1275.816000
speed=1.000000
volume=116.000000
