start=1294.585000
volume=130.000000
