start=1336.752000
volume=47.000000
fullscreen=yes
