start=1365.531000
volume=72.000000
fullscreen=yes
