start=1071.153000
volume=130.000000
sub-visibility=no
