start=1332.169000
volume=102.000000
fullscreen=yes
brightness=2
sub-pos=99
