start=1243.492000
volume=116.000000
