start=1013.012000
volume=128.000000
aid=1
sid=2
