start=1488.487000
volume=88.000000
sub-visibility=no
