start=1287.416000
volume=74.000000
