start=1611.527000
volume=108.000000
aid=1
sid=1
sub-delay=-0.000000
