start=1344.969000
volume=72.000000
