start=1354.895000
volume=72.000000
fullscreen=yes
