start=1730.110000
volume=82.000000
gamma=-9
brightness=4
saturation=40
sub-delay=-0.100000
sub-visibility=no
