start=3405.876000
gamma=-9
brightness=4
saturation=40
sub-delay=-0.100000
