start=2932.361000
volume=106.000000
gamma=-9
brightness=4
saturation=40
sub-delay=-0.100000
