start=1629.419000
volume=128.000000
aid=1
sid=2
