start=1893.350000
volume=95.000000
sub-visibility=no
