start=1266.515000
speed=1.048800
volume=120.000000
contrast=1
