start=1275.315000
volume=120.000000
