start=1267.933000
volume=130.000000
