start=1274.982000
volume=130.000000
