start=1277.860000
volume=106.000000
