start=668.398000
volume=114.000000
video-aspect-override=1.777778
