start=1326.492000
volume=80.000000
