start=1555.095000
volume=130.000000
sub-visibility=no
