start=1338.587000
volume=112.000000
sub-delay=-0.100000
