start=1343.842000
volume=94.000000
sub-delay=-0.100000
