start=1437.603000
volume=86.000000
