start=1291.957000
volume=130.000000
