start=1303.010000
volume=130.000000
