start=1280.969000
volume=130.000000
video-aspect-override=1.777778
