start=311.311000
volume=130.000000
sub-visibility=no
