start=1789.037000
volume=114.000000
sub-visibility=no
