start=1253.482000
volume=110.000000
fullscreen=yes
sub-visibility=no
ab-loop-a=723.495000
