start=114.781000
volume=130.000000
fullscreen=yes
sid=1
