start=473.005000
volume=106.000000
