start=1298.485000
volume=120.000000
gamma=2
brightness=1
