start=1493.534000
volume=130.000000
ontop=yes
