start=1399.356000
volume=80.000000
