start=1271.270000
volume=116.000000
