start=1475.411500
volume=115.000000
deinterlace=yes
