start=1533.449000
volume=130.000000
fullscreen=yes
